1 960 725 2
2 1840 495 0
3 2365 630 1
4 2620 575 0
5 4080 730 0
6 4490 750 0
7 4910 775 1
8 810 900 0
9 1170 930 0
10 2125 910 0
11 2370 905 0
12 2535 880 0
13 2945 960 2
14 3380 850 1
15 3785 835 1
16 4165 990 0
17 4880 1130 0
18 610 1045 0
19 915 1095 0
20 1345 1030 0
21 1735 1190 0
22 2395 1260 1
23 2700 1115 1
24 3205 1125 0
25 3430 1180 0
26 3750 945 0
27 3800 1150 0
28 3920 1040 0
29 4475 1230 1
30 5000 1200 0
31 745 1210 0
32 1195 1330 0
33 1555 1320 0
34 2155 1350 1
35 2485 1450 0
36 2620 1440 0
37 2815 1290 0
38 3310 1310 0
39 3530 1270 0
40 3885 1435 0
41 4025 1385 1
42 4890 1410 1
43 510 1370 0
44 970 1480 0
45 1325 1535 0
46 1595 1460 2
47 1860 1395 0
48 2205 1595 0
49 2745 1620 0
50 2970 1500 0
51 3425 1495 0
52 3675 1455 1
53 3895 1615 0
54 4075 1600 0
55 4490 1570 1
56 5020 1650 0
57 710 1595 0
58 1085 1605 1
59 1185 1725 0
60 1385 1710 0
61 1685 1770 0
62 1845 1730 0
63 2235 1915 1
64 2495 1860 0
65 2715 1840 1
66 2860 1805 0
67 3125 1760 2
68 3500 1720 0
69 3745 1695 0
70 4095 1760 0
71 4430 1775 0
72 4745 1815 1
73 660 1735 0
74 820 1920 2
75 1030 1865 0
76 1325 1870 0
77 1485 2045 1
78 1750 2005 1
79 1920 1975 2
80 2290 2055 0
81 2630 2140 0
82 2765 2050 1
83 3060 1955 0
84 3245 1920 0
85 3480 1870 0
86 3785 1985 1
87 4110 2070 1
88 4230 2105 0
89 4425 2040 2
90 4620 2035 0
91 4950 2015 0
92 535 2110 0
93 555 2225 2
94 835 2155 1
95 985 2125 0
96 1640 2260 0
97 1815 2220 0
98 1995 2155 0
99 2180 2185 0
100 2545 2260 1
101 2850 2140 0
102 3240 2045 1
103 3510 2005 0
104 3795 2135 0
105 4520 2205 1
106 4780 2295 0
107 5045 2270 1
108 4445 2520 1
109 1845 2520 0
110 2130 2320 0
111 2230 2450 2
112 2300 2405 0
113 2630 2450 0
114 2830 2435 0
115 3225 2270 0
116 3780 2450 1
117 4145 2595 0
118 3780 2680 0
119 4910 2735 0
120 505 2815 0
121 660 2830 0
122 895 2810 1
123 1475 2805 1
124 1815 2720 1
125 2415 2575 0
126 3055 2480 0
127 3405 2605 1
128 3945 3240 2
129 4125 2730 0
130 2315 2785 0
131 2480 2675 0
132 2885 2660 0
133 3275 2865 1
134 3555 2780 0
135 4270 2840 1
136 4800 3075 0
137 1310 2980 0
138 1920 2880 0
139 2285 2910 0
140 2885 2860 2
141 3375 2935 0
142 3770 3010 1
143 4090 2980 0
144 550 3255 1
145 710 3235 0
146 935 3210 0
147 1115 3150 0
148 1345 3115 0
149 1535 3110 0
150 1760 3040 0
151 1870 3165 0
152 2030 3045 0
153 2120 3145 2
154 2500 3090 1
155 2630 3265 0
156 2930 3270 1
157 3110 3300 1
158 3495 3160 0
159 3510 3665 0
160 4240 3310 0
161 4560 3290 1
162 5020 3340 0
163 905 3330 2
164 1125 3350 0
165 1590 3420 1
166 2045 3310 0
167 2400 3400 0
168 2545 3510 0
169 2915 3455 0
170 3075 3430 0
171 4460 4025 0
172 3835 3500 0
173 4310 3625 0
174 4740 3535 0
175 4940 3715 0
176 425 3545 1
177 645 3510 0
178 1005 3470 0
179 1410 3560 0
180 1665 3615 1
181 1915 3535 0
182 1990 3585 0
183 2265 3465 0
184 2750 3675 1
185 2990 3840 2
186 3290 3795 0
187 3720 3700 1
188 4150 3730 0
189 655 3825 0
190 845 3955 1
191 1135 3750 1
192 1190 4015 0
193 1840 3775 0
194 1905 3865 0
195 2090 3865 0
196 2380 3710 0
197 2430 3900 0
198 3455 4115 0
199 4190 4095 1